  6.1992003e-05  1.7830001e-08  0.0000000e+00
  6.5254739e-05 -2.1559999e-06  2.1729999e-08
  6.8879999e-05 -2.4030001e-06  2.6760000e-08
  7.2931769e-05 -2.6949999e-06  3.3319999e-08
  7.7490004e-05 -3.0430001e-06  4.2020002e-08
  8.2655999e-05 -3.4630000e-06  5.3750000e-08
  8.8560002e-05 -3.9769998e-06  6.9850003e-08
  9.5372307e-05 -4.6139999e-06  9.2500002e-08
  1.0332000e-04 -5.4100001e-06  1.2510000e-07
  1.1271270e-04 -6.4400001e-06  1.7340000e-07
  1.2398401e-04 -7.7799996e-06  2.4750000e-07
  1.3050951e-04 -8.6050004e-06  2.9949999e-07
  1.3776000e-04 -9.5699997e-06  3.6579999e-07
  1.4089090e-04 -9.9999997e-06  3.9750000e-07
  1.4416740e-04 -1.0470000e-05  4.3259999e-07
  1.4760000e-04 -1.0950000e-05  4.7169999e-07
  1.5120000e-04 -1.1470000e-05  5.1550001e-07
  1.5498001e-04 -1.2020000e-05  5.6400000e-07
  1.5694179e-04 -1.2300000e-05  5.9100000e-07
  1.5895380e-04 -1.2600000e-05  6.1899999e-07
  1.6101819e-04 -1.2900000e-05  6.4900001e-07
  1.6313689e-04 -1.3210000e-05  6.8050002e-07
  1.6531200e-04 -1.3530000e-05  7.1400001e-07
  1.6754591e-04 -1.3840000e-05  7.5000003e-07
  1.6984111e-04 -1.4170000e-05  7.8800002e-07
  1.7172300e-04 -1.4350000e-05  9.0349999e-07
  1.7196120e-04 -1.4350000e-05  8.8849998e-07
  1.7220000e-04 -1.4370000e-05  8.8399997e-07
  1.7231971e-04 -1.4380000e-05  8.8199999e-07
  1.7243950e-04 -1.4390000e-05  8.8299998e-07
  1.7255951e-04 -1.4410000e-05  9.0449998e-07
  1.7267971e-04 -1.4410000e-05  9.2549999e-07
  1.7280001e-04 -1.4400000e-05  9.5349998e-07
  1.7292050e-04 -1.4370000e-05  9.6799999e-07
  1.7304120e-04 -1.4330000e-05  9.5550001e-07
  1.7316200e-04 -1.4310000e-05  9.2300002e-07
  1.7328300e-04 -1.4310000e-05  8.7050000e-07
  1.7340420e-04 -1.4350000e-05  8.3100002e-07
  1.7352559e-04 -1.4390000e-05  8.3350000e-07
  1.7364710e-04 -1.4420000e-05  8.8050001e-07
  1.7376880e-04 -1.4420000e-05  9.1150002e-07
  1.7389060e-04 -1.4400000e-05  9.5051001e-07
  1.7391500e-04 -1.4350000e-05  9.7099996e-07
  1.7393941e-04 -1.4300000e-05  1.0120000e-06
  1.7396380e-04 -1.4250000e-05  1.0600000e-06
  1.7398820e-04 -1.4200000e-05  1.1140000e-06
  1.7401260e-04 -1.4150000e-05  1.1750000e-06
  1.7403709e-04 -1.4100000e-05  1.2230000e-06
  1.7406150e-04 -1.4040000e-05  1.2430000e-06
  1.7408590e-04 -1.3980000e-05  1.1960000e-06
  1.7411041e-04 -1.3920000e-05  1.1220000e-06
  1.7413480e-04 -1.3880000e-05  1.0410000e-06
  1.7415930e-04 -1.3860000e-05  9.5949997e-07
  1.7418381e-04 -1.3830000e-05  8.7149999e-07
  1.7420819e-04 -1.3810000e-05  7.8400001e-07
  1.7423270e-04 -1.3790000e-05  6.4850002e-07
  1.7425721e-04 -1.3790000e-05  5.1299997e-07
  1.7428170e-04 -1.3810000e-05  3.7760000e-07
  1.7430620e-04 -1.3830000e-05  3.0999999e-07
  1.7433069e-04 -1.3860000e-05  2.8299999e-07
  1.7435520e-04 -1.3900000e-05  2.7630000e-07
  1.7437970e-04 -1.3940000e-05  2.7650000e-07
  1.7440430e-04 -1.3990000e-05  2.7659999e-07
  1.7442880e-04 -1.4050000e-05  2.6999999e-07
  1.7445339e-04 -1.4120000e-05  2.5649999e-07
  1.7447790e-04 -1.4170000e-05  2.4990001e-07
  1.7450249e-04 -1.4210000e-05  2.4319999e-07
  1.7462540e-04 -1.4320000e-05  2.4389999e-07
  1.7712000e-04 -1.5210000e-05  2.5759999e-07
  1.9074460e-04 -1.8010000e-05  3.4289999e-07
  2.0664000e-04 -2.1350001e-05  4.6660000e-07
  2.2542549e-04 -2.5519999e-05  6.5149999e-07
  2.4796801e-04 -3.0910000e-05  9.3800003e-07
  2.7552000e-04 -3.8440001e-05  1.4010000e-06
  3.0996001e-04 -4.8800001e-05  2.1880001e-06
  3.5424001e-04 -6.3949999e-05  3.6150000e-06
  4.1328001e-04 -8.7100001e-05  6.4209999e-06
  4.4280000e-04 -9.9999997e-05  8.2810002e-06
  4.7686149e-04 -1.1590000e-04  1.0880000e-05
  5.1659998e-04 -1.3570000e-04  1.4560000e-05
  5.6356372e-04 -1.6070000e-04  1.9949999e-05
  6.1992003e-04 -1.9200001e-04  2.8070001e-05
  6.5254740e-04 -2.1010000e-04  3.3670000e-05
  6.5948942e-04 -2.1450000e-04  3.4950001e-05
  6.6124799e-04 -2.1580000e-04  3.6250000e-05
  6.6160079e-04 -2.1590000e-04  3.6300000e-05
  6.6195411e-04 -2.1610000e-04  3.6360001e-05
  6.6230772e-04 -2.1660000e-04  3.6410001e-05
  6.6266168e-04 -2.1699999e-04  3.6469999e-05
  6.6301599e-04 -2.1760000e-04  3.7049998e-05
  6.6337083e-04 -2.1810000e-04  3.7639998e-05
  6.6372601e-04 -2.1850000e-04  3.8400001e-05
  6.6408142e-04 -2.1860001e-04  3.9510000e-05
  6.6443731e-04 -2.1800000e-04  4.0970001e-05
  6.6479360e-04 -2.1699999e-04  4.2090000e-05
  6.6493620e-04 -2.1660000e-04  4.2290001e-05
  6.6515018e-04 -2.1610000e-04  4.1800002e-05
  6.6550728e-04 -2.1519999e-04  4.1070001e-05
  6.6586467e-04 -2.1440000e-04  4.1039999e-05
  6.6622248e-04 -2.1410000e-04  4.1100000e-05
  6.6658069e-04 -2.1440000e-04  3.9220002e-05
  6.6693919e-04 -2.1480001e-04  3.8040002e-05
  6.6729821e-04 -2.1630000e-04  3.8450002e-05
  6.6765753e-04 -2.1750000e-04  3.9039998e-05
  6.6801731e-04 -2.1800000e-04  4.0870000e-05
  6.6837738e-04 -2.1750000e-04  4.2340002e-05
  6.6873792e-04 -2.1580000e-04  4.4169999e-05
  6.6909881e-04 -2.1450000e-04  4.4060002e-05
  6.6945999e-04 -2.1370000e-04  4.1820000e-05
  6.6982169e-04 -2.1390000e-04  4.0460000e-05
  6.7018380e-04 -2.1509999e-04  4.0700001e-05
  6.7032868e-04 -2.1600000e-04  4.0899999e-05
  6.7047367e-04 -2.1719999e-04  4.1280000e-05
  6.7061879e-04 -2.1850000e-04  4.1480002e-05
  6.7076390e-04 -2.1950000e-04  4.1690000e-05
  6.7090912e-04 -2.1990000e-04  4.2780001e-05
  6.7105441e-04 -2.1970000e-04  4.4929999e-05
  6.7119970e-04 -2.1780000e-04  4.8160000e-05
  6.7134498e-04 -2.1380000e-04  5.3160002e-05
  6.7149050e-04 -2.0960000e-04  5.7110999e-05
  6.7163602e-04 -2.0690000e-04  6.1008999e-05
  6.7178148e-04 -2.0460000e-04  6.3159998e-05
  6.7192718e-04 -2.0210000e-04  5.9660000e-05
  6.7207293e-04 -1.9930000e-04  4.9729999e-05
  6.7221862e-04 -1.9690000e-04  4.1219999e-05
  6.7236437e-04 -1.9470000e-04  3.7689999e-05
  6.7272928e-04 -1.9650000e-04  3.2330001e-05
  6.7309447e-04 -2.0220000e-04  3.0520001e-05
  6.7346008e-04 -2.0540001e-04  3.0220001e-05
  6.7382609e-04 -2.0759999e-04  2.9560000e-05
  6.7419250e-04 -2.0900001e-04  2.9440000e-05
  6.7455933e-04 -2.1010000e-04  2.9490000e-05
  6.7492650e-04 -2.1100001e-04  2.9370000e-05
  6.7529408e-04 -2.1200000e-04  2.8529999e-05
  6.7536772e-04 -2.1210000e-04  2.8189999e-05
  6.7566207e-04 -2.1290001e-04  2.8230001e-05
  6.8880001e-04 -2.2960000e-04  3.0280000e-05
  7.2931772e-04 -2.6130001e-04  3.7229998e-05
  7.7490002e-04 -2.9550001e-04  4.6310000e-05
  8.2656002e-04 -3.3489999e-04  5.8320002e-05
  8.5506210e-04 -3.5690001e-04  6.5770000e-05
  8.8559999e-04 -3.8039999e-04  7.4479998e-05
  8.9843478e-04 -3.9030000e-04  7.8379999e-05
  9.1164710e-04 -4.0070000e-04  8.2480001e-05
  9.1840001e-04 -4.0680001e-04  8.4680003e-05
  9.2525373e-04 -4.1410001e-04  8.8790002e-05
  9.2871912e-04 -4.1840001e-04  9.2939998e-05
  9.3011261e-04 -4.2030000e-04  9.6090000e-05
  9.3081081e-04 -4.2070000e-04  9.8639997e-05
  9.3151018e-04 -4.1980000e-04  1.0200000e-04
  9.3221047e-04 -4.1700000e-04  1.0460000e-04
  9.3249098e-04 -4.1579999e-04  1.0510000e-04
  9.3291199e-04 -4.1440001e-04  1.0400000e-04
  9.3361450e-04 -4.1290000e-04  1.0240000e-04
  9.3431812e-04 -4.1189999e-04  1.0250000e-04
  9.3502272e-04 -4.1050001e-04  1.0270000e-04
  9.3572831e-04 -4.1030001e-04  9.8539997e-05
  9.3643513e-04 -4.1240000e-04  9.5989999e-05
  9.3714288e-04 -4.1589999e-04  9.6989999e-05
  9.3785179e-04 -4.1859999e-04  9.8390003e-05
  9.3856169e-04 -4.1990000e-04  1.0260000e-04
  9.3927281e-04 -4.1919999e-04  1.0590000e-04
  9.3998492e-04 -4.1559999e-04  1.1010000e-04
  9.4069802e-04 -4.1119999e-04  1.1000000e-04
  9.4141229e-04 -4.0910000e-04  1.0500000e-04
  9.4212772e-04 -4.1080001e-04  1.0200000e-04
  9.4284408e-04 -4.1400001e-04  1.0270000e-04
  9.4356172e-04 -4.1790001e-04  1.0430000e-04
  9.4428030e-04 -4.2430000e-04  1.0750000e-04
  9.4456808e-04 -4.2520001e-04  1.1240000e-04
  9.4485597e-04 -4.2480000e-04  1.1970000e-04
  9.4514398e-04 -4.2090000e-04  1.3099999e-04
  9.4543229e-04 -4.1109999e-04  1.3990000e-04
  9.4572082e-04 -3.9780000e-04  1.4880000e-04
  9.4600947e-04 -3.8650000e-04  1.5370001e-04
  9.4629842e-04 -3.7860000e-04  1.4580000e-04
  9.4658718e-04 -3.7030000e-04  1.2339999e-04
  9.4687642e-04 -3.6380001e-04  1.0430000e-04
  9.4716583e-04 -3.6159999e-04  9.6379998e-05
  9.4788987e-04 -3.7640001e-04  8.4380001e-05
  9.4861520e-04 -3.8620000e-04  8.0329999e-05
  9.4934151e-04 -3.9279999e-04  7.9780002e-05
  9.5006899e-04 -3.9730000e-04  7.8379999e-05
  9.5079758e-04 -4.0080000e-04  7.8179997e-05
  9.5152733e-04 -4.0339999e-04  7.8379999e-05
  9.5225812e-04 -4.0500000e-04  7.8179997e-05
  9.5299003e-04 -4.0729999e-04  7.6379998e-05
  9.5313648e-04 -4.0769999e-04  7.5579999e-05
  9.5372309e-04 -4.0980001e-04  7.5780001e-05
  9.9187205e-04 -4.6410001e-04  8.7040004e-05
  1.0332000e-03 -5.0660002e-04  1.0050000e-04
  1.0781219e-03 -5.5170001e-04  1.1660000e-04
  1.1271270e-03 -6.0119998e-04  1.3610000e-04
  1.1808000e-03 -6.5569999e-04  1.5979999e-04
  1.2398401e-03 -7.1519997e-04  1.8870000e-04
  1.2460700e-03 -7.2180002e-04  1.9190001e-04
  1.2523640e-03 -7.2780001e-04  1.9520000e-04
  1.2587210e-03 -7.3430000e-04  1.9860000e-04
  1.2651430e-03 -7.4079999e-04  2.0200000e-04
  1.2716310e-03 -7.4729999e-04  2.0559999e-04
  1.2781860e-03 -7.5379998e-04  2.0920001e-04
  1.2848080e-03 -7.6030003e-04  2.1290001e-04
  1.2915001e-03 -7.6730002e-04  2.1660000e-04
  1.2982620e-03 -7.7380001e-04  2.2050001e-04
  1.3050950e-03 -7.8030000e-04  2.2410000e-04
  1.3120000e-03 -7.8680000e-04  2.2780000e-04
  1.3189790e-03 -7.9379999e-04  2.3160000e-04
  1.3260320e-03 -8.0129999e-04  2.3550000e-04
  1.3331610e-03 -8.0829998e-04  2.3960001e-04
  1.3403679e-03 -8.1579998e-04  2.4369999e-04
  1.3476521e-03 -8.2329998e-04  2.4840000e-04
  1.3550160e-03 -8.3029998e-04  2.5340001e-04
  1.3624619e-03 -8.3729997e-04  2.5859999e-04
  1.3699890e-03 -8.4430003e-04  2.6370000e-04
  1.3730230e-03 -8.4629998e-04  2.6569999e-04
  1.3776000e-03 -8.5030001e-04  2.6840001e-04
  1.3852960e-03 -8.5680000e-04  2.7250001e-04
  1.3930789e-03 -8.6330000e-04  2.7610001e-04
  1.3962160e-03 -8.6640002e-04  2.7749999e-04
  1.3993680e-03 -8.6989999e-04  2.7900000e-04
  1.4025340e-03 -8.7340001e-04  2.8060001e-04
  1.4057140e-03 -8.7689998e-04  2.8240000e-04
  1.4089090e-03 -8.8040001e-04  2.8440001e-04
  1.4121180e-03 -8.8389998e-04  2.8680000e-04
  1.4153430e-03 -8.8740001e-04  2.8959999e-04
  1.4185810e-03 -8.9040003e-04  2.9220001e-04
  1.4218350e-03 -8.9289999e-04  2.9470000e-04
  1.4251040e-03 -8.9590001e-04  2.9729999e-04
  1.4267430e-03 -8.9740002e-04  2.9850000e-04
  1.4283870e-03 -8.9839997e-04  2.9970001e-04
  1.4300350e-03 -9.0039999e-04  3.0089999e-04
  1.4316860e-03 -9.0140000e-04  3.0210000e-04
  1.4333409e-03 -9.0290001e-04  3.0350001e-04
  1.4350000e-03 -9.0440002e-04  3.0489999e-04
  1.4366630e-03 -9.0639998e-04  3.0630000e-04
  1.4383290e-03 -9.0789999e-04  3.0799999e-04
  1.4400000e-03 -9.0990000e-04  3.1030001e-04
  1.4416740e-03 -9.1090001e-04  3.1280000e-04
  1.4433530e-03 -9.1140001e-04  3.1549999e-04
  1.4450350e-03 -9.1140001e-04  3.1840001e-04
  1.4467210e-03 -9.1040001e-04  3.2090000e-04
  1.4484110e-03 -9.0839999e-04  3.2260001e-04
  1.4501050e-03 -9.0639998e-04  3.2250001e-04
  1.4518030e-03 -9.0540003e-04  3.2150000e-04
  1.4535050e-03 -9.0490002e-04  3.2039999e-04
  1.4552110e-03 -9.0490002e-04  3.1919999e-04
  1.4569210e-03 -9.0540003e-04  3.1790001e-04
  1.4586350e-03 -9.0540003e-04  3.1660000e-04
  1.4603530e-03 -9.0639998e-04  3.1390000e-04
  1.4620760e-03 -9.0789999e-04  3.1120001e-04
  1.4638019e-03 -9.1190002e-04  3.0849999e-04
  1.4655320e-03 -9.1639999e-04  3.0769999e-04
  1.4672660e-03 -9.2040002e-04  3.0809999e-04
  1.4690050e-03 -9.2389999e-04  3.0920000e-04
  1.4707471e-03 -9.2690001e-04  3.1040001e-04
  1.4724940e-03 -9.2939998e-04  3.1159999e-04
  1.4742450e-03 -9.3189999e-04  3.1259999e-04
  1.4759999e-03 -9.3440001e-04  3.1350000e-04
  1.4777590e-03 -9.3689997e-04  3.1450001e-04
  1.4795230e-03 -9.3939999e-04  3.1549999e-04
  1.4848380e-03 -9.4639999e-04  3.1939999e-04
  1.4937830e-03 -9.5690001e-04  3.2580001e-04
  1.5028360e-03 -9.6640002e-04  3.3230000e-04
  1.5120000e-03 -9.7589998e-04  3.3899999e-04
  1.5212760e-03 -9.8490005e-04  3.4590001e-04
  1.5306670e-03 -9.9340000e-04  3.5300001e-04
  1.5401740e-03 -1.0019999e-03  3.6020001e-04
  1.5498000e-03 -1.0090000e-03  3.6760001e-04
  1.5595470e-03 -1.0160001e-03  3.7299999e-04
  1.5694180e-03 -1.0240000e-03  3.7850000e-04
  1.5794140e-03 -1.0319999e-03  3.8410001e-04
  1.5895390e-03 -1.0400000e-03  3.9000000e-04
  1.5997940e-03 -1.0490000e-03  3.9589999e-04
  1.6101820e-03 -1.0580000e-03  4.0190000e-04
  1.6207061e-03 -1.0670000e-03  4.0819999e-04
  1.6313680e-03 -1.0760000e-03  4.1450001e-04
  1.6421720e-03 -1.0840000e-03  4.2110001e-04
  1.6531200e-03 -1.0930001e-03  4.2770000e-04
  1.6642150e-03 -1.1030000e-03  4.3459999e-04
  1.6754600e-03 -1.1120000e-03  4.4149999e-04
  1.6868570e-03 -1.1230001e-03  4.4860001e-04
  1.6984110e-03 -1.1390001e-03  4.5570001e-04
  1.7007410e-03 -1.1430000e-03  4.5709999e-04
  1.7030770e-03 -1.1490000e-03  4.5840000e-04
  1.7054200e-03 -1.1570000e-03  4.5980001e-04
  1.7077690e-03 -1.1710000e-03  4.6159999e-04
  1.7101240e-03 -1.1930000e-03  4.7200001e-04
  1.7113040e-03 -1.2020000e-03  4.8759999e-04
  1.7124860e-03 -1.2040000e-03  5.0909998e-04
  1.7136700e-03 -1.2000001e-03  5.2559999e-04
  1.7148550e-03 -1.1990000e-03  5.3010002e-04
  1.7160421e-03 -1.2100000e-03  5.3409999e-04
  1.7172300e-03 -1.2270000e-03  5.6520000e-04
  1.7184200e-03 -1.2200000e-03  6.2579999e-04
  1.7191350e-03 -1.1910000e-03  6.7430001e-04
  1.7196120e-03 -1.1610000e-03  7.0430001e-04
  1.7200890e-03 -1.1239999e-03  7.2429999e-04
  1.7205660e-03 -1.0810000e-03  7.3079998e-04
  1.7210440e-03 -1.0380000e-03  7.2170002e-04
  1.7215220e-03 -9.9930004e-04  6.9870002e-04
  1.7220000e-03 -9.6729997e-04  6.6409999e-04
  1.7243950e-03 -9.5040002e-04  4.7400000e-04
  1.7267970e-03 -1.0329999e-03  4.1730001e-04
  1.7292050e-03 -1.0900000e-03  4.1420001e-04
  1.7316201e-03 -1.1250000e-03  4.1519999e-04
  1.7340420e-03 -1.1570000e-03  4.1630000e-04
  1.7364710e-03 -1.1950000e-03  4.1740001e-04
  1.7389060e-03 -1.2530000e-03  4.2249999e-04
  1.7401261e-03 -1.2970000e-03  4.3640001e-04
  1.7413480e-03 -1.3440000e-03  4.7319999e-04
  1.7425721e-03 -1.3720000e-03  5.4019998e-04
  1.7437980e-03 -1.3710000e-03  6.1579997e-04
  1.7450250e-03 -1.3590000e-03  6.5840001e-04
  1.7462540e-03 -1.3830001e-03  6.6389999e-04
  1.7474840e-03 -1.4550000e-03  7.1400002e-04
  1.7487170e-03 -1.4980000e-03  9.0940000e-04
  1.7492099e-03 -1.4810000e-03  1.0250000e-03
  1.7497040e-03 -1.4290001e-03  1.1450000e-03
  1.7501980e-03 -1.3410000e-03  1.2650000e-03
  1.7506920e-03 -1.2180000e-03  1.3730000e-03
  1.7511860e-03 -1.0680000e-03  1.4460000e-03
  1.7516810e-03 -9.0839999e-04  1.4690000e-03
  1.7521760e-03 -7.4579997e-04  1.4370000e-03
  1.7526720e-03 -5.9429999e-04  1.3520001e-03
  1.7536629e-03 -3.7649999e-04  1.0750000e-03
  1.7549050e-03 -3.1340000e-04  6.9969997e-04
  1.7561470e-03 -4.1499999e-04  4.5349999e-04
  1.7573920e-03 -5.6359998e-04  3.4750000e-04
  1.7586380e-03 -6.8569998e-04  3.1629999e-04
  1.7598870e-03 -7.6580001e-04  3.1000000e-04
  1.7611360e-03 -8.1880001e-04  3.0950000e-04
  1.7636420e-03 -8.8790001e-04  3.1040001e-04
  1.7661540e-03 -9.3390001e-04  3.1150001e-04
  1.7686730e-03 -9.6839998e-04  3.1269999e-04
  1.7712000e-03 -9.9550001e-04  3.1400000e-04
  1.7737340e-03 -1.0180000e-03  3.1539999e-04
  1.7762750e-03 -1.0380000e-03  3.1670000e-04
  1.7788240e-03 -1.0540000e-03  3.1810001e-04
  1.7813790e-03 -1.0690000e-03  3.1949999e-04
  1.7839420e-03 -1.0830000e-03  3.2080000e-04
  1.7968700e-03 -1.1370000e-03  3.2769999e-04
  1.8099850e-03 -1.1790000e-03  3.3580000e-04
  1.8232940e-03 -1.2140000e-03  3.4420000e-04
  1.8785460e-03 -1.3280000e-03  3.8030001e-04
  1.9372500e-03 -1.4270000e-03  4.2110001e-04
  1.9997419e-03 -1.5230000e-03  4.6750001e-04
  2.0663999e-03 -1.6190000e-03  5.2030000e-04
  2.1014239e-03 -1.6680000e-03  5.4939999e-04
  2.1376549e-03 -1.7209999e-03  5.8050000e-04
  2.1562430e-03 -1.7509999e-03  5.9700001e-04
  2.1751579e-03 -1.7969999e-03  6.1410002e-04
  2.1944069e-03 -1.8650000e-03  6.6070003e-04
  2.2061211e-03 -1.9070000e-03  7.2539999e-04
  2.2140001e-03 -1.9290000e-03  7.8850001e-04
  2.2179610e-03 -1.9360000e-03  8.4110000e-04
  2.2219350e-03 -1.9120000e-03  9.1070001e-04
  2.2259250e-03 -1.8450000e-03  9.6380000e-04
  2.2275241e-03 -1.8090000e-03  9.7330002e-04
  2.2299280e-03 -1.7630000e-03  9.4970001e-04
  2.2339460e-03 -1.7400000e-03  9.1459998e-04
  2.2379779e-03 -1.7270000e-03  9.1260002e-04
  2.2420250e-03 -1.6740001e-03  9.1499998e-04
  2.2460870e-03 -1.6480000e-03  8.2439999e-04
  2.2501629e-03 -1.7090000e-03  7.6730002e-04
  2.2542551e-03 -1.7740000e-03  7.8690000e-04
  2.2583611e-03 -1.8269999e-03  8.1499998e-04
  2.2624820e-03 -1.8500000e-03  9.0320001e-04
  2.2666180e-03 -1.8290000e-03  9.7430003e-04
  2.2707691e-03 -1.7650001e-03  1.0629999e-03
  2.2728511e-03 -1.6880000e-03  1.0990000e-03
  2.2749361e-03 -1.6129999e-03  1.0570000e-03
  2.2791179e-03 -1.5730000e-03  9.4800000e-04
  2.2833149e-03 -1.6200000e-03  8.8190002e-04
  2.2875280e-03 -1.6840000e-03  8.9349999e-04
  2.2917560e-03 -1.7370000e-03  9.2710002e-04
  2.2960000e-03 -1.8700000e-03  9.9440000e-04
  2.3002599e-03 -1.9170000e-03  1.3780000e-03
  2.3045349e-03 -1.4930000e-03  1.8889999e-03
  2.3062499e-03 -1.0810000e-03  1.9930000e-03
  2.3079671e-03 -6.5060001e-04  1.8200000e-03
  2.3096870e-03 -4.0779999e-04  1.3330000e-03
  2.3114090e-03 -4.2359999e-04  9.1489998e-04
  2.3131340e-03 -5.5740000e-04  7.4140000e-04
  2.3148621e-03 -6.8509998e-04  6.2040001e-04
  2.3165920e-03 -7.8120001e-04  5.1639997e-04
  2.3183250e-03 -8.7779999e-04  4.4710000e-04
  2.3200600e-03 -9.6739997e-04  4.1290000e-04
  2.3217979e-03 -1.0420000e-03  3.8740001e-04
  2.3261539e-03 -1.1610000e-03  3.7170001e-04
  2.3305260e-03 -1.2469999e-03  3.3839999e-04
  2.3349151e-03 -1.3240000e-03  3.3139999e-04
  2.3393210e-03 -1.3750000e-03  3.3320001e-04
  2.3437431e-03 -1.4050000e-03  3.2620001e-04
  2.3459599e-03 -1.4100000e-03  3.1820001e-04
  2.3481820e-03 -1.4299999e-03  2.8370001e-04
  2.3490719e-03 -1.4430000e-03  2.6619999e-04
  2.3616001e-03 -1.5850000e-03  2.7110000e-04
  2.3843080e-03 -1.7260000e-03  2.8010001e-04
  2.4796801e-03 -2.0790000e-03  3.2009999e-04
  2.5830001e-03 -2.3630001e-03  3.6750000e-04
  2.6953041e-03 -2.6459999e-03  4.2430000e-04
  2.8178180e-03 -2.9490001e-03  4.9270003e-04
  2.9519999e-03 -3.2840001e-03  5.7590002e-04
  3.0996001e-03 -3.6599999e-03  6.7749998e-04
  3.2627371e-03 -4.0890002e-03  8.0330000e-04
  3.4439999e-03 -4.5830002e-03  9.6089998e-04
  3.6465880e-03 -5.1580002e-03  1.1590000e-03
  3.8745000e-03 -5.8309999e-03  1.4120000e-03
  4.1327998e-03 -6.6310000e-03  1.7400000e-03
  4.2753099e-03 -7.0830001e-03  1.9400000e-03
  4.4280002e-03 -7.5869998e-03  2.1700000e-03
  4.5920000e-03 -8.1300000e-03  2.4359999e-03
  4.7686161e-03 -8.7350002e-03  2.7429999e-03
  4.9593602e-03 -9.3999999e-03  3.1010001e-03
  5.1660002e-03 -1.0150000e-02  3.5200000e-03
  5.3906091e-03 -1.0950000e-02  4.0110000e-03
  5.6356359e-03 -1.1840000e-02  4.5909998e-03
  5.9039998e-03 -1.2850000e-02  5.2780001e-03
  6.1992002e-03 -1.3960000e-02  6.0950001e-03
  6.3581541e-03 -1.4560000e-02  6.5609999e-03
  6.5254741e-03 -1.5210000e-02  7.0620002e-03
  6.7018382e-03 -1.5900001e-02  7.6210001e-03
  6.8879998e-03 -1.6650001e-02  8.2729999e-03
  6.9653932e-03 -1.6969999e-02  8.5760001e-03
  7.0445458e-03 -1.7250000e-02  8.9339996e-03
  7.0847999e-03 -1.7360000e-02  9.1129998e-03
  7.1010310e-03 -1.7390000e-02  9.1749998e-03
  7.1255169e-03 -1.7440001e-02  9.2409998e-03
  7.1667060e-03 -1.7589999e-02  9.3550002e-03
  7.2083720e-03 -1.7729999e-02  9.4980001e-03
  7.2505260e-03 -1.7850000e-02  9.6469996e-03
  7.2931768e-03 -1.7990001e-02  9.7300000e-03
  7.3363320e-03 -1.8200001e-02  9.8390002e-03
  7.3799998e-03 -1.8420000e-02  1.0010000e-02
  7.4241920e-03 -1.8630000e-02  1.0190000e-02
  7.4689160e-03 -1.8810000e-02  1.0430000e-02
  7.5141820e-03 -1.8959999e-02  1.0650000e-02
  7.5599998e-03 -1.9090001e-02  1.0890000e-02
  7.5831190e-03 -1.9110000e-02  1.1010000e-02
  7.6063811e-03 -1.9130001e-02  1.1060000e-02
  7.6533342e-03 -1.9280000e-02  1.1160000e-02
  7.7008698e-03 -1.9490000e-02  1.1280000e-02
  7.7490001e-03 -1.9719999e-02  1.1470000e-02
  7.7977362e-03 -1.9950001e-02  1.1680000e-02
  7.8470884e-03 -2.0220000e-02  1.1930000e-02
  7.8670047e-03 -2.0350000e-02  1.2090000e-02
  7.8870244e-03 -2.0460000e-02  1.2300000e-02
  7.9071429e-03 -2.0500001e-02  1.2580000e-02
  7.9273675e-03 -2.0439999e-02  1.2820000e-02
  7.9476926e-03 -2.0320000e-02  1.3060000e-02
  7.9681231e-03 -2.0050000e-02  1.3220000e-02
  7.9886606e-03 -1.9719999e-02  1.3150000e-02
  8.0093024e-03 -1.9590000e-02  1.2830000e-02
  8.0300523e-03 -1.9740000e-02  1.2570000e-02
  8.0509093e-03 -1.9940000e-02  1.2510000e-02
  8.1035299e-03 -2.0339999e-02  1.2500000e-02
  8.1568426e-03 -2.0719999e-02  1.2640000e-02
  8.2108611e-03 -2.1020001e-02  1.2840000e-02
  8.2656005e-03 -2.1299999e-02  1.3030000e-02
  8.3210738e-03 -2.1570001e-02  1.3260000e-02
  8.3772978e-03 -2.1830000e-02  1.3480000e-02
  8.4342863e-03 -2.2059999e-02  1.3710000e-02
  8.4920553e-03 -2.2310000e-02  1.3910000e-02
  8.5037034e-03 -2.2369999e-02  1.3950000e-02
  8.5506206e-03 -2.2600001e-02  1.4140000e-02
  8.8560004e-03 -2.3940001e-02  1.5430000e-02
  9.1840001e-03 -2.5640000e-02  1.6850000e-02
  9.5372312e-03 -2.7659999e-02  1.9130001e-02
  9.6111633e-03 -2.8080000e-02  1.9760000e-02
  9.6862502e-03 -2.8519999e-02  2.0490000e-02
  9.7625200e-03 -2.8870000e-02  2.1430001e-02
  9.8400004e-03 -2.8870000e-02  2.2580000e-02
  9.9187205e-03 -2.8419999e-02  2.3539999e-02
  9.9505624e-03 -2.8069999e-02  2.3790000e-02
  9.9987099e-03 -2.7810000e-02  2.3730000e-02
  1.0162620e-02 -2.7500000e-02  2.4070000e-02
  1.0332000e-02 -2.7790001e-02  2.3850000e-02
  1.0418820e-02 -2.8620001e-02  2.3639999e-02
  1.0507120e-02 -2.9700000e-02  2.4350001e-02
  1.0596920e-02 -3.0619999e-02  2.5189999e-02
  1.0688280e-02 -3.1190000e-02  2.6780000e-02
  1.0781220e-02 -3.1220000e-02  2.8200001e-02
  1.0875790e-02 -3.0500000e-02  2.9859999e-02
  1.0972040e-02 -2.9020000e-02  3.0309999e-02
  1.1011010e-02 -2.8600000e-02  2.9929999e-02
  1.1070000e-02 -2.8650001e-02  2.9420000e-02
  1.1169730e-02 -2.9530000e-02  2.9069999e-02
  1.1271270e-02 -3.0600000e-02  2.9770000e-02
  1.1374680e-02 -3.1429999e-02  3.0770000e-02
  1.1480000e-02 -3.3440001e-02  3.2129999e-02
  1.1587290e-02 -3.4329999e-02  3.7689999e-02
  1.1696600e-02 -2.9150000e-02  4.4890001e-02
  1.1740910e-02 -2.3460001e-02  4.6310000e-02
  1.1808000e-02 -1.6690001e-02  4.1200001e-02
  1.1921540e-02 -1.7039999e-02  3.0810000e-02
  1.2037280e-02 -2.1560000e-02  2.8130000e-02
  1.2155290e-02 -2.4410000e-02  2.7700000e-02
  1.2275640e-02 -2.6090000e-02  2.8080000e-02
  1.2398400e-02 -2.7419999e-02  2.8050000e-02
  1.2523640e-02 -2.8880000e-02  2.8480001e-02
  1.2651430e-02 -2.9980000e-02  2.9150000e-02
  1.2781860e-02 -3.0740000e-02  2.9740000e-02
  1.2915000e-02 -3.1640001e-02  2.9890001e-02
  1.2941960e-02 -3.2030001e-02  2.9850001e-02
  1.3050950e-02 -3.3170000e-02  3.0980000e-02
  1.3189790e-02 -3.3500001e-02  3.2550000e-02
  1.3246150e-02 -3.3140000e-02  3.3009999e-02
  1.3331610e-02 -3.2790001e-02  3.2749999e-02
  1.3476520e-02 -3.3700000e-02  3.2079998e-02
  1.3624620e-02 -3.5149999e-02  3.2469999e-02
  1.3776000e-02 -3.6339998e-02  3.3190001e-02
  1.3930790e-02 -3.7370000e-02  3.4049999e-02
  1.4089090e-02 -3.8330000e-02  3.4899998e-02
  1.4251030e-02 -3.9260000e-02  3.5850000e-02
  1.4416740e-02 -4.0139999e-02  3.6839999e-02
  1.4586350e-02 -4.0950000e-02  3.7859999e-02
  1.4760000e-02 -4.1749999e-02  3.8830001e-02
  1.4795230e-02 -4.1930001e-02  3.9009999e-02
  1.4937830e-02 -4.2640001e-02  3.9859999e-02
  1.5120000e-02 -4.3480001e-02  4.0950000e-02
  1.5306670e-02 -4.4319998e-02  4.2089999e-02
  1.5498000e-02 -4.5139998e-02  4.3260001e-02
  1.5694181e-02 -4.5960002e-02  4.4450000e-02
  1.5895391e-02 -4.6799999e-02  4.5660000e-02
  1.6101820e-02 -4.7669999e-02  4.6909999e-02
  1.6313691e-02 -4.8570000e-02  4.8190001e-02
  1.6531199e-02 -4.9800001e-02  4.9529999e-02
  1.6754599e-02 -5.0689999e-02  5.1840000e-02
  1.6868571e-02 -5.0540000e-02  5.2770000e-02
  1.6984111e-02 -5.0570000e-02  5.3190000e-02
  1.7220000e-02 -5.1460002e-02  5.4140002e-02
  1.7462529e-02 -5.2579999e-02  5.5730000e-02
  1.7712001e-02 -5.2839998e-02  5.7650000e-02
  1.7968699e-02 -5.3450000e-02  5.7999998e-02
  1.8232940e-02 -5.5620000e-02  5.8869999e-02
  1.8505080e-02 -5.7790000e-02  6.1290000e-02
  1.8785451e-02 -5.9420001e-02  6.4000003e-02
  1.9074460e-02 -6.0630001e-02  6.7280002e-02
  1.9103849e-02 -6.0649998e-02  6.7649998e-02
  1.9402821e-02 -6.1110001e-02  7.0830002e-02
  1.9711290e-02 -6.0780000e-02  7.4369997e-02
  1.9869231e-02 -5.9650000e-02  7.5879999e-02
  2.0029729e-02 -5.8690000e-02  7.5910002e-02
  2.0358620e-02 -5.9310000e-02  7.5580001e-02
  2.0698501e-02 -6.1640002e-02  7.6360002e-02
  2.1049909e-02 -6.4360000e-02  7.8879997e-02
  2.1193851e-02 -6.5339997e-02  7.9980001e-02
  2.1339759e-02 -6.6299997e-02  8.1289999e-02
  2.1487700e-02 -6.7319997e-02  8.2450002e-02
  2.1637700e-02 -6.9040000e-02  8.3679996e-02
  2.1789810e-02 -7.1199998e-02  8.5919999e-02
  2.1944070e-02 -7.3129997e-02  8.9390002e-02
  2.2100540e-02 -7.4610002e-02  9.4120003e-02
  2.2259250e-02 -7.3639996e-02  1.0070000e-01
  2.2420250e-02 -7.0370004e-02  1.0600000e-01
  2.2583609e-02 -6.5049998e-02  1.1110000e-01
  2.2749361e-02 -5.6109998e-02  1.1370000e-01
  2.2917559e-02 -4.5970000e-02  1.0990000e-01
  2.3088271e-02 -4.1930001e-02  9.9569999e-02
  2.3261540e-02 -4.5230001e-02  9.1540001e-02
  2.3437429e-02 -4.9869999e-02  8.9199997e-02
  2.3615999e-02 -5.2990001e-02  8.7909997e-02
  2.3843080e-02 -5.7000000e-02  8.6960003e-02
  2.4310591e-02 -6.4089999e-02  8.8469997e-02
  2.4796801e-02 -6.9159999e-02  9.2069998e-02
  2.5302861e-02 -7.3289998e-02  9.5389999e-02
  2.5830001e-02 -7.7339999e-02  9.9550001e-02
  2.6379580e-02 -8.0779999e-02  1.0430000e-01
  2.6953040e-02 -8.3659999e-02  1.0900000e-01
  2.7551999e-02 -8.6479999e-02  1.1330000e-01
  2.7736910e-02 -8.7839998e-02  1.1420000e-01
  2.8178180e-02 -9.0829998e-02  1.1830000e-01
  2.9519999e-02 -9.7779997e-02  1.3079999e-01
  3.0996000e-02 -1.0430000e-01  1.4500000e-01
  3.2627370e-02 -1.1070000e-01  1.6110000e-01
  3.4440000e-02 -1.1700000e-01  1.7940000e-01
  3.6465880e-02 -1.2330000e-01  2.0020001e-01
  3.8745001e-02 -1.3040000e-01  2.2390001e-01
  4.1328002e-02 -1.4290000e-01  2.5200000e-01
  4.2753100e-02 -1.4850000e-01  2.7599999e-01
  4.4280000e-02 -1.4830001e-01  2.9940000e-01
  4.5919999e-02 -1.4650001e-01  3.2220000e-01
  4.7686160e-02 -1.4430000e-01  3.4470001e-01
  4.9593601e-02 -1.4250000e-01  3.6730000e-01
  5.1660001e-02 -1.4270000e-01  3.9070001e-01
  5.3906091e-02 -1.4810000e-01  4.1670001e-01
  5.6356370e-02 -1.6210000e-01  4.5350000e-01
  5.9039999e-02 -1.7470001e-01  5.1499999e-01
  6.1992001e-02 -1.6460000e-01  5.9850001e-01
  6.5254740e-02 -1.2630001e-01  6.8680000e-01
  6.8879999e-02 -6.1110001e-02  7.7219999e-01
  7.2931767e-02  3.2490000e-02  8.4750003e-01
  7.7490002e-02  1.5600000e-01  9.0179998e-01
  8.2656004e-02  3.0880001e-01  8.9050001e-01
  8.8560000e-02  3.2960001e-01  8.6940002e-01
  9.1164708e-02  3.7390000e-01  9.1750002e-01
  9.3221053e-02  4.2930001e-01  9.3260002e-01
  9.5372312e-02  4.8280001e-01  9.3610001e-01
  9.7625203e-02  5.3609997e-01  9.3320000e-01
  9.9995159e-02  5.9069997e-01  9.2629999e-01
  1.0246610e-01  6.5149999e-01  9.1219997e-01
  1.0500000e-01  7.1139997e-01  8.7349999e-01
  1.0781220e-01  7.4760002e-01  8.3260000e-01
  1.1099730e-01  7.8140002e-01  7.9460001e-01
  1.1480000e-01  8.1550002e-01  7.5520003e-01
  1.1800130e-01  8.4130001e-01  7.2560000e-01
  1.2155290e-01  8.6750001e-01  6.9559997e-01
  1.2499650e-01  8.9209998e-01  6.6880000e-01
  1.2781860e-01  9.1149998e-01  6.4819998e-01
  1.3050950e-01  9.3070000e-01  6.2930000e-01
  1.3331610e-01  9.5099998e-01  6.1049998e-01
  1.3624610e-01  9.7390002e-01  5.9119999e-01
  1.3899550e-01  9.9790001e-01  5.7340002e-01
  1.4089090e-01  1.0170000e+00  5.6089997e-01
  1.4251040e-01  1.0369999e+00  5.4830003e-01
  1.4416739e-01  1.0599999e+00  5.2969998e-01
  1.4586350e-01  1.0820000e+00  5.0440001e-01
  1.4900130e-01  1.1090000e+00  4.4890001e-01
  1.5498000e-01  1.1200000e+00  3.3680001e-01
  1.6000000e-01  1.1010000e+00  2.6010001e-01
  1.6531201e-01  1.0690000e+00  1.9760001e-01
  1.7000410e-01  1.0390000e+00  1.5710001e-01
  1.8000001e-01  9.7750002e-01  9.9620000e-02
  1.8998469e-01  9.2610002e-01  6.6770002e-02
  2.0000650e-01  8.8459998e-01  4.6220001e-02
  2.0999999e-01  8.4950000e-01  3.4630001e-02
  2.1376550e-01  8.3829999e-01  3.1930000e-02
  2.1751580e-01  8.2760000e-01  2.9929999e-02
  2.1901430e-01  8.2380003e-01  2.9309999e-02
  2.2139999e-01  8.1770003e-01  2.8500000e-02
  2.2542550e-01  8.0800003e-01  2.7650001e-02
  2.2998330e-01  7.9860002e-01  2.7319999e-02
  2.3393209e-01  7.9140002e-01  2.7240001e-02
  2.3843080e-01  7.8380001e-01  2.7360000e-02
  2.3999999e-01  7.8160000e-01  2.7440000e-02
  2.5001809e-01  7.6859999e-01  2.8270001e-02
  2.5830001e-01  7.5980002e-01  2.8440000e-02
  2.7399781e-01  7.4659997e-01  2.8689999e-02
  2.8502071e-01  7.3920000e-01  2.8810000e-02
  2.9172710e-01  7.3509997e-01  2.8880000e-02
  3.0996001e-01  7.2610003e-01  2.9060001e-02
  3.2627371e-01  7.2000003e-01  2.9160000e-02
  3.4401771e-01  7.1439999e-01  2.9279999e-02
  3.6498091e-01  7.0910001e-01  2.9379999e-02
  3.8148919e-01  7.0580000e-01  2.9460000e-02
  3.9994839e-01  7.0279998e-01  2.9540000e-02
  4.3396571e-01  6.9830000e-01  2.9619999e-02
  4.3997160e-01  6.9770002e-01  2.9640000e-02
  4.8602119e-01  6.9400001e-01  2.9730000e-02
  5.5006212e-01  6.9040000e-01  2.9859999e-02
  6.5634727e-01  6.8779999e-01  3.0060001e-02
  7.0007908e-01  6.8730003e-01  3.0160001e-02
  7.9989678e-01  6.8629998e-01  3.0400001e-02
  8.9973879e-01  6.8620002e-01  3.0600000e-02
  9.9987102e-01  6.8629998e-01  3.0770000e-02
  1.1271271e+00  6.8629998e-01  3.1010000e-02
  1.2398400e+00  6.8610001e-01  3.1199999e-02
  1.2499650e+00  6.8589997e-01  3.1230001e-02
  1.3050950e+00  6.8589997e-01  3.1399999e-02
  1.3776000e+00  6.8599999e-01  3.1640001e-02
  1.4586350e+00  6.8559998e-01  3.1890001e-02
  1.5498000e+00  6.8559998e-01  3.2180000e-02
  1.6500400e+00  6.8510002e-01  3.2460000e-02
  1.7711999e+00  6.8449998e-01  3.2820001e-02
  1.9074460e+00  6.8349999e-01  3.3330001e-02
  2.0664001e+00  6.8250000e-01  3.3950001e-02
  2.1219239e+00  6.8199998e-01  3.4159999e-02
  2.1998580e+00  6.8110001e-01  3.4480002e-02
  2.2542551e+00  6.8070000e-01  3.4699999e-02
  2.4239299e+00  6.7890000e-01  3.5379998e-02
  2.4796801e+00  6.7799997e-01  3.5599999e-02
  2.7551999e+00  6.7439997e-01  3.6770001e-02
  3.0996001e+00  6.6839999e-01  3.8270000e-02
  3.2627370e+00  6.6530001e-01  3.9150000e-02
  3.4014821e+00  6.6240001e-01  3.9770000e-02
  3.6465881e+00  6.5670002e-01  4.0670000e-02
  3.8745000e+00  6.5069997e-01  4.1439999e-02
  4.1328001e+00  6.4289999e-01  4.2280000e-02
  4.4280000e+00  6.3270003e-01  4.2959999e-02
  4.7686162e+00  6.1870003e-01  4.3919999e-02
  4.9993548e+00  6.0750002e-01  4.4769999e-02
  5.1659999e+00  5.9880000e-01  4.5499999e-02
  5.5103998e+00  5.7849997e-01  4.7510002e-02
  5.6356359e+00  5.7029998e-01  4.8400000e-02
  5.9039998e+00  5.5100000e-01  5.0609998e-02
  6.1992002e+00  5.2759999e-01  5.3300001e-02
  6.3581538e+00  5.1330000e-01  5.4469999e-02
  6.5254741e+00  4.9680001e-01  5.5399999e-02
  6.7018380e+00  4.7700000e-01  5.6109998e-02
  6.9110370e+00  4.4920000e-01  5.6660000e-02
  7.0847998e+00  4.2070001e-01  5.7549998e-02
  7.2931771e+00  3.7869999e-01  6.1230000e-02
  7.5141821e+00  3.2069999e-01  7.3639996e-02
  7.7490010e+00  2.4940000e-01  1.0820000e-01
  7.9989681e+00  1.7290001e-01  1.7600000e-01
  8.2656002e+00  1.2170000e-01  2.8470001e-01
  8.3772974e+00  1.1450000e-01  3.2890001e-01
  8.4920549e+00  1.0910000e-01  3.6870000e-01
  8.6100006e+00  9.9900000e-02  4.0770000e-01
  8.7312679e+00  8.6999997e-02  4.5269999e-01
  8.8559999e+00  7.5460002e-02  5.0830001e-01
  8.9843483e+00  7.1889997e-02  5.7459998e-01
  9.1164703e+00  8.2149997e-02  6.4819998e-01
  9.2525377e+00  1.0960000e-01  7.2250003e-01
  9.3927279e+00  1.5310000e-01  7.9009998e-01
  9.5372314e+00  2.0819999e-01  8.4530002e-01
  9.6636019e+00  2.5860000e-01  8.8020003e-01
  9.6862497e+00  2.6730001e-01  8.8520002e-01
  9.8400002e+00  3.2220000e-01  9.1360003e-01
  9.9987097e+00  3.7009999e-01  9.3910003e-01
  1.0162620e+01  4.1670001e-01  9.6920002e-01
  1.0332000e+01  4.7409999e-01  1.0050000e+00
  1.0507120e+01  5.4990000e-01  1.0300000e+00
  1.0688280e+01  6.2889999e-01  1.0300000e+00
  1.0875790e+01  6.9349998e-01  1.0160000e+00
  1.1070000e+01  7.5129998e-01  1.0039999e+00
  1.1271270e+01  8.0980003e-01  9.8460001e-01
  1.1480000e+01  8.6019999e-01  9.5880002e-01
  1.1696600e+01  9.0850002e-01  9.3529999e-01
  1.1921540e+01  9.6219999e-01  9.0160000e-01
  1.2155290e+01  1.0050000e+00  8.5270000e-01
  1.2275640e+01  1.0200000e+00  8.2789999e-01
  1.2398400e+01  1.0340000e+00  8.0390000e-01
  1.2651430e+01  1.0599999e+00  7.5040001e-01
  1.2915000e+01  1.0720000e+00  6.8760002e-01
  1.3189790e+01  1.0670000e+00  6.2830001e-01
  1.3476520e+01  1.0520000e+00  5.6910002e-01
  1.3776000e+01  1.0140001e+00  5.1179999e-01
  1.4089090e+01  9.5469999e-01  4.7450000e-01
  1.4416740e+01  8.8919997e-01  4.6509999e-01
  1.4760000e+01  8.3109999e-01  4.7900000e-01
  1.4999280e+01  7.9939997e-01  4.9489999e-01
  1.5120000e+01  7.8490001e-01  5.0370002e-01
  1.5498000e+01  7.4360001e-01  5.3689998e-01
  1.5895380e+01  7.1090001e-01  5.7959998e-01
  1.6313681e+01  6.8379998e-01  6.2989998e-01
  1.6754589e+01  6.6900003e-01  6.9029999e-01
  1.7219999e+01  6.6360003e-01  7.5379997e-01
  1.7712000e+01  6.7350000e-01  8.2590002e-01
  1.8232941e+01  6.9749999e-01  8.9520001e-01
  1.8785460e+01  7.4140000e-01  9.6640003e-01
  1.9372499e+01  7.9900002e-01  1.0220000e+00
  2.0000650e+01  8.7349999e-01  1.0650001e+00
  2.0325251e+01  9.0759999e-01  1.0720000e+00
  2.0664000e+01  9.3620002e-01  1.0820000e+00
  2.1014240e+01  9.6660000e-01  1.0920000e+00
  2.1376551e+01  9.9710000e-01  1.0990000e+00
  2.1751579e+01  1.0240000e+00  1.1059999e+00
  2.2139999e+01  1.0540000e+00  1.1160001e+00
  2.2542549e+01  1.0880001e+00  1.1200000e+00
  2.2959999e+01  1.1150000e+00  1.1190000e+00
  2.3393209e+01  1.1410000e+00  1.1240000e+00
  2.3843081e+01  1.1710000e+00  1.1280000e+00
  2.4310591e+01  1.1970000e+00  1.1289999e+00
  2.4796801e+01  1.2260000e+00  1.1350000e+00
  2.4996771e+01  1.2390000e+00  1.1360000e+00
  2.7552000e+01  1.3710001e+00  1.1260000e+00
  2.9998550e+01  1.4820000e+00  1.1160001e+00
  3.3509190e+01  1.6109999e+00  1.0850000e+00
  3.7570911e+01  1.7210000e+00  1.0500000e+00
  4.1327999e+01  1.8230000e+00  1.0190001e+00
  4.5085091e+01  1.9090000e+00  9.7880000e-01
  4.9993549e+01  2.0020001e+00  9.2299998e-01
  5.1660000e+01  2.0290000e+00  9.0390003e-01
  5.3906090e+01  2.0620000e+00  8.7809998e-01
  5.6356369e+01  2.0950000e+00  8.5020000e-01
  5.9040001e+01  2.1270001e+00  8.2040000e-01
  6.1992001e+01  2.1570001e+00  7.8850001e-01
  6.3581539e+01  2.1719999e+00  7.7190000e-01
  6.5254738e+01  2.1860001e+00  7.5489998e-01
  6.7018379e+01  2.2000000e+00  7.3750001e-01
  6.8879997e+01  2.2140000e+00  7.1969998e-01
  7.0007896e+01  2.2210000e+00  7.0920002e-01
  7.0848000e+01  2.2270000e+00  7.0150000e-01
  7.2931763e+01  2.2390001e+00  6.8300003e-01
  7.5141823e+01  2.2509999e+00  6.6420001e-01
  7.7489998e+01  2.2630000e+00  6.4510000e-01
  7.9989677e+01  2.2739999e+00  6.2580001e-01
  8.2656013e+01  2.2850001e+00  6.0630000e-01
  8.5506210e+01  2.2950001e+00  5.8649999e-01
  8.8559998e+01  2.3050001e+00  5.6660002e-01
  9.1839996e+01  2.3139999e+00  5.4659998e-01
  9.5372307e+01  2.3230000e+00  5.2640003e-01
  9.9987099e+01  2.3329999e+00  5.0209999e-01
  1.0332000e+02  2.3390000e+00  4.8580000e-01
  1.1271270e+02  2.3529999e+00  4.4499999e-01
  1.1808000e+02  2.3599999e+00  4.2449999e-01
  1.2398400e+02  2.3659999e+00  4.0400001e-01
  1.3500000e+02  2.3759999e+00  3.7059999e-01
  1.4999271e+02  2.3850000e+00  3.3300000e-01
  1.7499510e+02  2.3950000e+00  2.8479999e-01
  2.0000650e+02  2.4020000e+00  2.4869999e-01
  2.2501630e+02  2.4080000e+00  2.2070000e-01
  2.4000000e+02  2.4110000e+00  2.0690000e-01
  2.4796800e+02  2.4140000e+00  1.9980000e-01
  2.5001820e+02  2.4140000e+00  1.9780000e-01
  2.5997900e+02  2.4159999e+00  1.8770000e-01
  2.7497009e+02  2.4170001e+00  1.7389999e-01
  2.9998550e+02  2.4159999e+00  1.5510000e-01
  3.4885760e+02  2.4130001e+00  1.2890001e-01
  3.9866241e+02  2.4100001e+00  1.1110000e-01
  4.4856729e+02  2.4070001e+00  9.8600000e-02
  4.9993549e+02  2.4050000e+00  8.9220002e-02
  5.4811670e+02  2.4040000e+00  8.2549997e-02
  5.9808978e+02  2.4030001e+00  7.7140003e-02
  6.1991998e+02  2.4030001e+00  7.5139999e-02
  6.3777777e+02  2.4030001e+00  7.3639996e-02
  6.5774011e+02  2.4030001e+00  7.2099999e-02
  6.7787872e+02  2.4030001e+00  7.0649996e-02
  7.0007910e+02  2.4030001e+00  6.9179997e-02
  7.5005438e+02  2.4030001e+00  6.6280000e-02
  7.9732483e+02  2.4030001e+00  6.3879997e-02
  8.9973877e+02  2.4040000e+00  5.9400000e-02
  9.9987097e+02  2.4059999e+00  5.5730000e-02
  1.2002321e+03  2.4080000e+00  4.9899999e-02
  1.2398400e+03  2.4089999e+00  4.8930001e-02
  1.4999270e+03  2.4119999e+00  4.3609999e-02
  2.0000649e+03  2.4159999e+00  3.6649998e-02
  2.4796799e+03  2.4180000e+00  3.2189999e-02
  2.9998550e+03  2.4210000e+00  2.8700000e-02
  3.9994839e+03  2.4240000e+00  2.4130000e-02
  4.9993550e+03  2.4260001e+00  2.1090001e-02
  6.1992002e+03  2.4280000e+00  1.8530000e-02
  7.0007910e+03  2.4289999e+00  1.7220000e-02
  8.9973877e+03  2.4310000e+00  1.4800000e-02
  9.9987100e+03  2.4319999e+00  1.3840000e-02
  1.1001240e+04  2.4319999e+00  1.2620000e-02
  1.2398400e+04  2.4330001e+00  1.1200000e-02
  1.4999270e+04  2.4340000e+00  9.2540001e-03
  2.0000641e+04  2.4340000e+00  6.9390000e-03
  2.4796801e+04  2.4340000e+00  5.5959998e-03
  2.9998551e+04  2.4349999e+00  4.6259998e-03
  4.9993551e+04  2.4349999e+00  2.7749999e-03
  6.1992000e+04  2.4349999e+00  2.2390001e-03
  7.0007906e+04  2.4349999e+00  1.9820000e-03
  9.9987102e+04  2.4349999e+00  1.3880000e-03
  1.2398400e+05  1.1190000e-03  0.0000000e+00