86.497558593750000 
57.665039062500000 
38.443359375000000 
25.628906250000000 
17.085937500000000 
11.390625000000000 
7.5937500000000000 
5.0625000000000000 
3.3750000000000000 
2.2500000000000000 
1.5000000000000000 
1.0000000000000000 
0.66666668653488159 
0.44444444775581360 
0.29629629850387573 
0.19753086566925049 
0.13168723881244659 
8.7791495025157928E-002
5.8527663350105286E-002
3.9018440991640091E-002
2.6012293994426727E-002
1.7341529950499535E-002
1.1561020277440548E-002
7.7073466964066029E-003
5.1382309757173061E-003
3.4254873171448708E-003
2.2836583666503429E-003
1.5224388334900141E-003
1.0149592999368906E-003
6.7663949448615313E-004
