Sp      T_eff   M,g             R,cm
O5V     40000   7.9162417E+34	1.2371490E+12
B0I     28000   3.5360553E+34	1.3881040E+12
B0III   28000   9.9659578E+34	1.1026102E+12
B0V     28000   3.5360553E+34	5.1572953E+11
B5I     15500   1.2838641E+34	2.1999966E+12
B5III   15500   4.9948108E+34	6.9570000E+11
B5V     15500   1.2838641E+34	2.6449776E+11
А0I     9900    6.4345628E+33	2.7696316E+12
А0III   9900    3.1515126E+34	4.3895702E+11
А0V     9900    6.4345628E+33	1.7475194E+11
А5I     8500    4.1545027E+33	3.4867596E+12
А5V     8500    4.1545027E+33	1.2089880E+11
F0I     7400    3.3769066E+33	4.3895702E+12
F0V     7400    3.3769066E+33	9.3847348E+10
F5I     6580    2.5616456E+33	5.5261415E+12
F5III   6580    1.9884700E+34	2.7696316E+11
F5V     6580    2.5616456E+33	8.3641537E+10
G0I     6030    4.9948108E+33	6.9570000E+12
G0III   6030    1.9884700E+34	4.3895702E+11
G0V     6030    2.1803140E+33	7.2848733E+10
G5I     5520    6.2880943E+33	8.7583441E+12
G5III   5520    2.5033354E+34	6.9570000E+11
G5V     5520    1.8557482E+33	6.4926502E+10
К0I     4900    7.9162417E+33	1.3881040E+13
К0III   4900    2.5033354E+34	1.1026102E+12
К0V     4900    1.5435441E+33	5.9213673E+10
К5I     4130    9.9659578E+33	2.7696316E+13
К5III   4130    3.1515126E+34	1.7475194E+12
К5V     4130    1.3756851E+33	5.1572953E+10
М0I     3480    1.2546398E+34	3.4867596E+13
М0V     3480    9.3007730E+32	4.3895702E+10
М5V     2800    4.2512735E+32	2.1999966E+10
М8V     2400    1.9884700E+32	8.7583441E+09